1558
0.02
6.17819
3.56962
0.97086
4.19725
7.43344
10.65983
6.68814
2.71644
-1.25525
3.60885
8.47295
13.33704
7.12943
0.92183
4.11879
2.16727
0.20594
4.35415
8.50237
12.65058
16.79879
-3.36368
-23.53596
-9.72820
4.07957
5.17791
16.21039
27.25268
38.28516
24.01649
9.75762
9.42419
9.08096
8.74753
-4.76603
-18.27960
-31.79316
-32.99938
-56.12346
-44.46335
-32.81305
-31.39109
-29.96912
-28.54716
-27.12519
-40.36417
-53.60315
-66.84213
-80.08110
-67.13633
-54.20135
-41.26638
-41.76652
-42.27647
-23.81055
-5.34462
13.12130
31.58722
50.05314
68.51906
86.98499
44.36528
1.75539
-40.86431
-83.48401
-126.09391
-168.71361
-126.58424
-84.46468
-87.29880
-90.14273
-92.98666
-91.43720
-89.88775
-92.94743
-95.99730
-126.52540
-75.04049
-23.54577
27.93915
79.42406
130.91878
182.40369
233.88860
215.67765
197.45690
179.23614
161.02519
142.80444
158.30875
173.82287
129.59488
85.36689
41.14870
-3.07929
-47.30728
-91.53527
-135.75346
-179.98145
-224.20944
-268.42762
-312.65562
-245.40161
-178.14760
-110.90340
-43.64940
23.60461
90.85861
158.11262
225.36662
292.62063
227.48486
162.33928
97.20351
32.06775
-33.06802
-98.20379
-163.33956
-228.48514
-293.62091
-4.12860
285.36371
219.47283
153.59175
87.70087
21.80999
-44.08089
17.98540
80.05168
142.10817
204.17445
186.06157
167.93888
134.92970
101.92051
68.91133
35.90215
2.89296
-30.11622
-5.50153
19.10335
43.71805
63.42941
83.14078
102.84234
57.81020
12.77806
-32.25407
-77.29602
-34.87245
7.56093
49.98450
9.93414
-30.11622
-70.17639
-110.22675
-150.27710
-110.95244
-71.62777
-32.30311
7.01175
-62.27223
-131.55621
-200.84019
-122.40661
-43.98283
34.45076
112.87454
191.30813
120.63160
49.95508
-20.72145
-91.39798
-26.11511
39.17757
104.47024
169.76292
110.64843
51.53395
-7.57073
10.43428
28.43929
46.45410
64.45911
19.81924
-24.81082
-69.44089
-40.27591
-11.11093
2.82432
16.75956
30.70462
-22.33955
-75.37391
-128.41808
-181.46225
-140.69601
-99.92976
-59.17333
-18.40708
22.35916
-9.76742
-41.89401
-21.05488
-0.20594
20.63319
-14.30790
-49.24900
-84.19009
-119.13118
-154.07228
-189.01337
-223.95447
-177.94166
-131.92886
-85.91606
-39.90326
6.10954
52.13215
98.14495
144.15776
95.65406
47.15037
-1.35332
50.41599
102.18529
153.95460
205.73371
257.50302
166.67382
75.84463
-14.97475
-105.80395
-196.63314
-66.54793
63.53729
16.38691
-30.76346
-77.91383
-125.06421
-172.21458
-219.36495
-266.51533
-155.44521
-44.37509
66.70483
177.77495
141.84339
105.91182
69.99006
34.05850
94.79108
155.53347
216.26605
179.42247
142.56908
105.71569
68.87210
32.01871
65.20442
98.39012
131.57582
101.37134
71.16686
40.96238
10.75790
-19.44659
43.52191
106.50022
169.46872
102.14607
34.82341
-32.50904
-99.83170
-71.21589
-42.60009
-13.98428
14.63152
-19.85847
-54.35826
-88.84825
-123.34804
-157.83803
-192.33783
-144.98151
-97.62520
-50.27869
-2.92238
-19.14258
-35.35297
-51.57317
-41.01141
-30.45945
-28.46870
-26.46815
24.66372
17.35777
21.70212
26.04646
4.10899
-17.83830
-39.78558
-61.72306
-23.70267
14.31771
52.33809
23.81055
-4.70719
-33.23474
-5.46230
22.30032
6.65872
-8.97308
-24.60488
-40.23668
-55.87829
-17.90694
20.06441
4.45222
-11.15997
-2.10843
6.94311
4.86410
2.79490
0.72569
-5.23675
-11.18939
3.54020
18.26979
32.99938
47.72897
29.81222
11.89547
-6.02128
-23.93803
13.48414
10.77751
8.07087
5.36424
7.96300
10.56176
-6.78620
-24.13417
-41.48213
-58.83009
-76.17806
-93.53583
-60.88949
-28.24315
4.39338
37.03972
17.38719
-2.26534
-21.91786
17.56371
57.03548
36.65726
16.27904
-4.09918
-24.47740
-44.85562
-20.30957
4.23647
28.78252
14.96495
17.71081
20.45667
7.77667
-4.91313
-17.60294
-30.29274
-18.05404
-5.81534
6.42336
-24.70295
-55.82926
-39.66790
-23.51635
-7.35499
8.79657
3.76575
-1.26506
-6.29587
-11.33649
-25.68362
-40.03075
-54.37787
-42.81583
-31.26360
-68.29351
-55.25067
-42.19801
-29.14536
-16.10252
-3.04987
10.00278
23.04563
36.09828
49.14112
23.88900
-1.36312
-26.61525
-3.03025
20.55474
44.13973
67.72472
56.61379
45.50286
34.39192
32.92092
31.44993
29.97893
31.87161
33.77410
35.66679
13.21936
-9.23786
-31.68529
-29.39053
-30.35158
-31.30283
-25.37961
-19.45639
-13.52337
-7.60015
-14.20984
-20.81952
14.93553
50.70038
86.45543
122.22028
157.97532
127.35896
96.73280
66.10663
35.48046
4.85429
4.11879
3.38329
2.63799
-58.07498
-118.77814
-179.49111
-118.10149
-56.70205
4.69739
66.09682
127.49626
82.11108
36.72590
68.44061
100.15532
-34.48999
-169.13529
-134.96892
-100.79275
-66.62638
-32.46001
-35.76485
-39.06969
-5.07004
28.92962
62.92927
96.91912
130.91878
58.09459
-14.73939
-87.56358
-160.38776
-59.78134
40.83489
15.21011
-10.40486
-36.02963
-61.65441
-87.26938
-53.25011
-19.23084
14.78843
48.80770
82.82697
49.25880
15.69064
-17.87752
-51.44569
-85.01385
-66.38121
-47.75839
-29.12575
-10.50292
8.12971
-3.07929
29.08652
61.25234
-2.29476
-65.84185
-39.72674
-13.61163
12.49367
7.89435
29.65531
51.41627
23.05543
-5.30540
-33.65642
-62.01725
-90.36828
-118.72911
-82.86619
-47.01308
-11.15016
24.71276
60.57568
39.50119
18.43650
43.69843
68.96036
94.22229
119.48422
62.27223
5.07004
-52.14196
-30.63597
-9.12018
12.38580
33.90159
32.19523
30.48887
28.78252
44.23780
59.69308
75.14836
90.60364
56.30978
22.01593
-12.27793
6.66852
25.60516
44.55161
15.40625
-13.74892
-42.89429
-72.04946
-39.12853
-6.20761
26.71331
59.62443
35.98060
12.33677
-11.30707
-34.95090
-6.63910
21.67270
49.99430
78.30610
67.81298
57.31987
46.82675
36.34344
25.85033
57.09432
88.34811
119.60190
98.74316
77.89422
57.03548
36.17673
15.32779
-5.53095
-26.37989
-47.23863
-68.09738
-88.94632
-109.80506
-112.98241
-116.16958
-119.34693
-122.52429
-161.80973
-201.08536
-154.09189
-107.09842
-60.10496
-13.11149
33.88198
80.87544
74.29518
67.72472
61.15427
85.66109
110.17771
134.68453
119.39596
104.10740
88.81883
73.53026
78.56107
83.59188
88.62270
60.87968
33.12686
5.38385
-22.36897
-53.38740
-39.52080
-25.64439
-11.77779
-19.88789
-27.99799
-61.22292
-34.55863
-7.89435
-48.52330
-35.72563
-22.91814
-33.02880
-18.42670
-3.81479
10.78732
25.38942
14.18042
2.97141
-8.23759
4.54048
17.31854
30.09661
42.87467
21.23140
-0.41188
-22.05516
-43.69843
-35.67659
-27.64495
-19.62311
-11.59146
-23.97726
-36.35325
-48.72924
-57.68272
-66.63619
-75.57985
-84.53332
-93.48679
-61.54654
-29.59647
2.34379
34.28405
43.13945
51.98505
31.14592
10.30679
-10.52254
-31.36167
-52.20080
1.82404
55.85868
19.46620
-16.92628
-53.32856
-11.80721
29.72396
71.24531
112.76667
70.97073
29.17478
-12.63097
11.88566
36.39248
34.48999
32.58750
18.17172
3.75595
3.35387
-21.38830
-46.13048
-70.87266
-95.61484
-120.35702
-81.56191
-42.77661
-3.99131
34.80380
73.58910
112.38421
76.18786
39.99152
3.79517
2.78509
1.78481
-54.06406
46.40507
51.22013
56.04500
60.86007
65.68494
70.50001
26.52699
-17.44603
-61.41905
-105.39207
-149.37489
-123.47553
-97.57617
-71.67680
-45.77744
-19.87808
6.02128
31.92065
8.42391
-15.07282
-38.55975
-62.05648
-32.57769
-3.08909
26.38970
11.72875
-2.94200
3.28523
9.51245
15.73967
21.95709
41.33503
60.71297
80.09091
34.09772
-11.88566
-12.83690
-13.79796
-51.72027
-24.94812
1.82404
28.59619
55.36835
82.14050
17.20086
-47.74858
-20.33899
7.08040
34.48999
-5.17791
-44.83600
-84.50390
-68.25428
-52.00466
-35.75505
-19.50543
-3.25581
12.99381
29.24343
10.79712
-7.65899
-26.10530
-5.52114
15.06301
35.64717
56.23133
30.97921
5.72708
-19.53485
-1.97114
15.58277
-10.04201
-35.65698
-61.28176
-46.87579
-32.46982
-48.45466
-64.42969
-80.41453
-48.83712
-17.25970
14.31771
45.89512
77.47254
46.58159
15.69064
-15.20031
-1.00028
13.20956
27.40959
41.61942
55.81945
37.07894
18.33844
-0.40207
-19.14258
-4.18744
10.76770
25.72284
40.67798
17.85791
-4.96216
-8.57101
-36.53958
-64.51795
-25.49729
13.53318
52.55384
91.57450
57.69252
23.82035
-10.06162
-43.93379
-10.62060
-18.32863
-26.03666
-33.74468
-24.54604
-15.33760
-6.13896
-9.89491
-13.65086
14.61191
42.87467
33.96043
20.57435
7.18827
-6.19780
-19.58388
7.52170
34.63709
33.43087
32.23446
31.02824
23.56538
16.10252
9.63013
3.15774
-3.32445
21.59424
-19.03471
-59.67347
-100.30242
-76.95278
-53.60315
-30.24371
-6.89407
16.45556
19.08374
21.71192
24.34991
17.74023
-1.98094
-21.70212
-2.72625
16.23981
35.20587
54.18174
73.14780
60.83065
48.52330
36.20615
-1.42196
45.10078
40.00133
34.89206
29.78280
35.55891
41.33503
47.10134
52.87746
48.51350
44.14954
39.77577
35.41181
31.04785
6.02128
-18.99548
-44.02205
-69.03882
-94.06539
-75.95250
-57.84943
-39.73655
-21.63347
-3.52059
14.58249
9.85568
5.12888
0.40207
-4.32473
-9.05154
-11.66011
-14.93553
-18.20114
-21.47656
-9.63994
2.19669
14.03332
3.28523
-7.45305
-18.20114
-7.22750
3.75595
14.72959
25.71304
9.96356
-5.78592
-21.53540
-1.18660
19.15239
39.49138
27.71359
15.93581
4.15802
1.92210
-0.30401
-2.53012
-4.76603
-6.99214
-9.22806
-11.45417
-13.69008
-17.16164
-20.63319
-24.10475
-27.58611
-31.05766
-34.52921
-41.23696
-47.94471
-34.90187
-21.85902
-8.81618
4.22667
17.27932
7.00195
-3.27542
-13.56260
12.88594
39.33447
65.78301
47.26805
28.75310
10.22834
-8.28662
-26.80157
-45.31653
-30.93998
-16.55363
-2.17708
12.19947
26.31124
40.41320
54.51517
31.90103
9.27709
-13.33704
-14.04312
-14.74920
-15.45528
-41.27619
-26.33086
-11.38552
3.55981
18.50515
33.45048
30.54771
27.64495
28.60600
29.56705
30.52810
3.80498
-22.91814
-49.64126
-37.46140
-25.29135
-13.11149
-0.93163
11.23842
23.41828
35.58833
10.26756
-15.05321
-40.37398
-65.69475
-51.06323
-36.43170
-21.79038
-7.15885
7.47267
22.10419
36.74552
39.23641
41.73710
44.19857
46.66985
49.13132
44.57122
40.01113
28.20393
16.38691
4.57971
-7.23731
-1.13757
4.96216
11.06190
17.16164
-2.06920
-21.30985
-40.55050
-59.78134
-79.02199
-68.59752
-58.16324
-47.73877
-37.31430
-25.07560
-12.84671
-0.61782
11.62088
23.84977
36.08847
48.31736
29.16498
10.01259
-9.13980
-28.28238
-47.43477
-66.58715
-47.67993
-28.77271
-9.86549
9.04173
27.95876
46.86598
24.08513
1.30428
-21.47656
-44.25741
-67.03826
-48.81750
-30.59675
-12.37599
5.84476
24.05571
42.27647
60.49722
78.71798
96.93874
63.27251
29.60628
-4.05995
-37.73599
-71.40222
-58.83009
-46.25797
-33.68584
-31.68529
-29.69454
-27.69398
-3.88343
19.92711
3.06948
-13.78815
-30.63597
-47.49361
-64.35124
-50.32773
-36.30422
-22.28071
-8.26701
5.75650
19.78001
26.45834
33.13667
39.82481
46.50313
53.18146
34.66651
16.15155
15.90639
15.67103
15.43567
7.32557
-0.78453
-8.89463
0.70608
10.30679
19.90750
29.50821
39.11873
34.10753
29.09633
24.09494
30.15545
36.22577
42.29608
48.35659
54.42691
60.48742
-5.15830
-70.80401
-62.13493
-53.45605
-44.77716
-36.09828
-36.06886
-36.03944
-36.01002
-17.30874
1.40235
20.11344
38.81472
57.52581
34.87245
12.20928
-10.45389
-33.10725
-55.77042
-44.14954
-32.52866
-20.89797
-9.27709
2.34379
-2.03978
-6.41355
-10.79712
-15.18069
-11.76798
-8.34546
-4.93274
-1.51022
1.91230
0.50014
-0.90221
11.13055
23.17311
35.20587
47.24844
59.28120
71.32377
27.91953
-15.48470
-58.87913
-49.70991
-40.54069
-31.37147
-30.74385
-30.11622
-29.48860
-18.26979
-7.05098
4.16783
15.39644
26.61525
37.83406
29.17478
20.51551
22.88872
25.26193
27.64495
30.01816
32.40117
13.44492
-5.50153
-24.45779
-21.65308
-18.85819
-16.06329
-13.26840
-12.36619
-11.47378
-1.65732
8.16894
17.98540
27.80185
37.61831
47.44457
36.76513
26.08569
15.40625
4.72681
-5.95264
-16.63208
-7.64919
1.33370
10.31660
19.29949
28.28238
-4.94255
-38.17729
-22.96717
-7.75706
7.44325
22.65336
6.93330
-8.77695
-24.49701
-40.20727
-55.92732
-28.63542
-1.34351
25.93859
53.23050
35.17645
17.12241
-0.94144
-18.99548
-37.04952
-22.36897
-7.68841
6.99214
21.67270
36.35325
51.03381
65.71436
80.39492
30.25352
-19.87808
-70.01948
-120.16088
-84.76868
-49.37648
-13.98428
21.40792
56.80012
92.18251
127.57471
35.41181
-56.75108
-47.09153
-37.43198
-27.77243
-18.10308
-8.44353
-35.81389
-63.19405
-60.49722
-57.80040
-55.09376
-59.55579
-64.01781
-45.38518
-26.75254
-8.12971
10.50292
29.12575
30.77327
32.42078
34.06830
35.71582
44.85562
53.99541
63.14502
72.28482
81.42461
35.35297
-10.70886
-56.78050
-46.05203
-35.32355
-24.59508
-13.86660
-34.92148
-55.97636
-77.03124
-61.82112
-46.61101
-31.41070
-16.20059
-1.00028
9.04173
19.08374
29.12575
39.15795
49.19996
59.24197
69.28398
79.32599
-1.88288
-83.09175
-68.96036
-54.81917
-40.67798
-51.93602
-63.18425
-74.43247
-85.69051
-96.93874
-66.66561
-36.38267
-6.10954
24.17339
54.45633
84.72946
115.01239
145.28552
85.46495
25.64439
-34.17618
-93.98693
-69.62722
-45.26750
-20.90778
3.46175
27.82147
52.18118
-4.59932
-61.37002
-118.15052
-97.67423
-77.19795
-56.72166
-36.24538
-15.76909
4.70719
25.18348
45.65976
66.13605
86.61233
107.08862
127.56490
107.82412
88.08333
68.34254
48.59195
39.28544
29.96912
20.66261
11.35610
7.64919
3.94227
0.23536
-3.47155
-7.17847
-10.88538
-7.64919
-4.41299
-1.17680
2.05940
5.29559
-8.14933
-21.60405
-35.05877
-48.51350
-61.96822
-49.48436
-37.00049
-24.51663
-12.03276
0.45111
4.72681
9.01231
13.28801
17.56371
21.84922
8.65927
-4.53067
-17.72062
-30.91056
-22.31994
-13.73912
-5.15830
3.43233
12.01315
20.60377
14.09216
7.58054
1.07873
8.07087
15.07282
22.07477
16.79879
11.52281
6.24684
13.49395
20.73126
27.96857
35.21568
42.45299
33.91140
25.36980
16.81840
8.27681
-0.26478
-8.80637
-1.23564
6.32529
13.89602
19.99576
26.09550
32.19523
38.29497
44.39470
35.68640
26.96829
18.25998
9.55168
0.84337
-13.07226
-26.98790
-40.90354
-27.57630
-14.24906
-0.92183
12.39561
25.72284
16.57324
7.41383
-1.73578
-10.89519
-20.04479
-29.19440
-38.35381
-23.94784
-9.54187
4.86410
19.27007
33.67604
20.14286
6.60968
-6.92349
-20.45667
-33.98985
-26.11511
-18.24037
-10.36563
-2.49089
-0.61782
1.25525
3.12832
5.00139
9.79684
14.59230
7.75706
0.91202
-5.93302
3.35387
12.63097
21.91786
31.19495
40.48185
26.54660
12.62116
-1.31409
-15.23953
-29.17478
-43.10023
-35.42162
-27.73321
-20.04479
-12.35638
-4.66797
3.01064
10.69906
9.64974
8.59063
7.53151
6.48220
12.10141
17.72062
23.33983
28.95904
34.57825
27.30171
20.02518
12.74865
-33.48971
-6.15858
-6.08993
-6.03109
-5.97225
-5.90360
-5.84476
-5.78592
-5.71728
-5.65844
-5.59960
-5.53095
-5.47211
-5.41327
-5.34462
-5.28578
-5.21714
-5.15830
-5.09946
-5.03081
-4.97197
-4.91313
-4.84449
-4.78565
-4.72681
-4.65816
-4.59932
-4.54048
-4.47183
-4.41299
-4.35415
-4.28551
-4.22667
-4.16783
-4.09918
-4.04034
-3.98150
-3.91285
-3.85401
-3.79517
-3.72653
-3.66769
-3.60885
-3.54020
-3.48136
-3.42252
-3.35387
-3.29503
-3.23619
-3.16755
-3.10871
-3.04987
-2.98122
-2.92238
-2.86354
-2.79490
-2.73606
-2.67722
-2.60857
-2.54973
-2.49089
-2.42224
-2.36340
-2.30456
-2.23592
-2.17708
-2.11824
-2.04959
-1.99075
-1.93191
-1.86326
-1.80442
-1.74558
-1.67694
-1.61810
-1.54945
-1.49061
-1.43177
-1.36312
-1.30428
-1.24544
-1.17680
-1.11796
-1.05912
-0.99047
-0.93163
-0.87279
-0.80415
-0.74531
-0.68647
-0.61782
-0.55898
-0.50014
-0.43149
-0.37265
-0.31381
-0.24517
-0.18633
-0.12749
-0.05884
